20.00000065080394    41.00000341765867
-31.80367998686488    79.21420489930091
24.373172294224887    110.04785081289454
83.4348119875039    41.00000683275325
24.373172294224887    331.9521543148755
-31.80367998686488    2.785793825166781
-24.373172294224887    151.95216103137912
31.803679986864857    182.7857969270601
31.803679986864857    259.21420672053375
-24.373172294224887    290.04784580393823
-83.4348119875039    221.0000086539861
-20.000000650803955    221.0000086539861
26.33798778905527    94.08847860956693
26.333752305832576    74.9100177598448
23.827516717231433    56.135825561811984
8.055406697718055    49.574141373356184
-6.242211491028996    59.11073836047313
-20.35903652942656    69.18790383926157
-19.1512882098053    87.19103256679706
-3.853355014717579    95.17854948034429
11.516442464673034    102.87726550521586
-36.29328824442098    19.512334156730688
-38.28220517103642    41.00000341765867
-36.29328824442098    62.48767267858665
8.055406697718055    32.425872292150316
-6.242212349894757    22.889277012580663
-20.359034708102953    12.812115802660463
68.8893874687642    41.00000341765867
51.71738421276317    41.00000683275325
34.54539309542664    41.00000341765867
38.79837213381367    107.8431613714628
55.740736708316156    103.64680925862285
72.31261359949995    92.82798085861941
26.33798778905527    347.91153078707134
26.333752305832576    7.089998466982634
23.827520450531026    25.864184688599934
72.31261359949995    349.1720165851878
55.740736708316156    338.3531992842418
38.79837213381367    334.15685058649643
11.516442464673034    339.1227362074596
-3.8533554425716403    346.8214547936521
-19.151286402218233    354.80898835578546
-80.00811794261813    99.29690766305185
-63.34220855122493    84.5308104888605
-46.29381670139483    80.86123671575778
-46.29381670139483    1.1388357534086015
-63.34220855122493    357.46920061532506
-80.00811794261813    342.70309917226547
-13.400321632064788    141.8383037763694
3.432801207736702e-07    130.99999567685308
13.400321632064788    120.1617012377151
-34.04327189853301    96.35767235752027
-33.527541754814195    117.04508591943829
-29.710076755240195    136.7410428818156
46.293816701394846    181.1388334124949
63.34220855122493    177.46920135541316
80.00811794261813    162.70309735103265
29.710076755240166    125.25897579264723
33.52754175481419    144.95491909464621
34.043271898533    165.64233265656424
34.043271898533    276.35766734856395
33.52754175481419    297.04508774067114
29.710076755240166    316.74104470304843
80.00811794261813    279.2969094842847
63.34220855122493    264.5308123100933
46.293816701394846    260.86123853699064
-29.710076755240195    305.2589673685963
-33.527541754814195    324.95491750078446
-34.04327189853301    345.6423310627025
13.400321632064788    321.8383090126968
-3.432801207736702e-07    311.0000009131805
-13.400321632064788    300.1617030589479
-72.31261359949997    169.17201049508674
-55.74073670831615    158.35319575546166
-38.79837213381367    154.15685047281087
-11.516442464673048    159.12273950886865
3.8533554425716403    166.82145553374022
19.151286402218233    174.80899293785495
36.29328824442096    199.51232914777435
38.2822051710364    221.0000086539861
36.29328824442096    242.4876744998195
19.151288209805287    267.1910275578407
3.8533550147175646    275.1785513015771
-11.516442464673048    282.8772673264487
-38.79837213381367    287.8431631926956
-55.74073670831615    283.6468110798557
-72.31261359949997    272.82798267985225
-23.82752045053104    205.86418650983276
-26.33375230583259    187.09000455708372
-26.337987789055276    167.91152640451756
-68.8893874687642    221.0000086539861
-51.71738421276319    221.0000086539861
-34.54539309542663    221.0000086539861
-8.055406697718055    212.42586728319398
6.242212349894757    202.8892839564554
20.35903470810294    192.81211847766696
-8.055406697718055    229.57413636439986
6.242211491028996    239.11073335151679
20.35903652942656    249.18789883030524
-23.827516717231433    236.1358307981394
-26.33375230583259    254.91001958107765
-26.337987789055276    274.0884736006106
-40.23272803139287    241.14026942187274
-57.907876980746636    250.65479123759218
-41.89202594224159    265.92981263703035
-10.13977216681144    246.59886781408773
-11.413249671710645    265.5931594430296
5.307117911314023    257.17894012146417
6.56481490727154    221.0000086539861
22.511692048394124    231.12853715533302
22.511692048394124    210.87146649226082
-10.1397712994913    195.4011426636953
5.307117911314023    184.82105669594048
-11.413249671710645    176.40686105266607
-40.23273250476592    200.8597342257211
-41.89202594224159    176.07020102847613
-57.907876980746636    191.34522607038
-64.73777495321414    315.70790345900315
-49.48443674511046    336.208912620735
-46.460411267515155    308.47943912829777
2.0247250991942423    293.1102294202051
16.88074675527149    304.6588362122677
19.008673239924576    285.12005556307076
52.707831841551034    236.55333294134562
69.9999693205871    220.9999403520944
52.707792385446375    205.44667070624823
19.00872380881391    156.87995127224656
16.880793150625976    137.3411706230496
2.0247708046200614    148.8897774151122
-46.460366648819814    133.5204720843712
-49.48432109597138    105.79100371457578
-64.73769492987932    126.29189164044993
-16.880778875131085    317.34122025560663
-19.008691300240443    336.879997489709
-2.024746029716198    328.8898133872909
49.48435789339507    285.79116946034867
46.46028732678501    313.5206002641037
64.73765491830073    306.2921905749117
49.48435789339507    156.2088442051578
64.73764691599212    135.70782650568944
46.460292284408794    128.47940998630824
-16.880778875131085    124.65879340989989
-2.02474688402323    113.11019344802644
-19.008693106272133    105.1200127607029
-69.99999927577028    41.00000341765867
-52.70782620496249    56.55331745973443
-52.70782620496249    25.446682545393735
-5.307121341111426    4.821010905364869
10.139781707333071    15.401026436793863
11.413248800713404    356.40675060266443
41.892126871429795    356.0702058379167
40.23278618526534    20.8597494799612
57.90797340124766    11.34527632933957
57.907960545165906    70.65481673711604
40.23278171188877    61.14040420442329
41.89209016988836    85.92991326863508
-22.511719774279115    30.871474916311737
-22.511760438920504    51.12858997561354
-6.564883659968345    41.00004439879368
11.413197411881455    85.59319177274261
10.139678496250397    66.59893429474657
-5.3072143743731175    77.17899977193387
